%% Setup

% givens
DeltaV_Total = 12.3e3;
m_pl = 26000;
delta = [0.08 0.08];
g = 9.81;

% propellants
propellants = struct(...
        LOX_LCH4 = PropellantMix( ...
                "LOX_LCH4", ...
                "$\mathrm{LOX/LCH_{4}}$", ...
                3.6, 1, 327, 2.26, 0.745, 2.4, 1.5, 35.16, 10.1, 34.34, 45, 1140, 423, 12.16, 12.16, 1.123, 1.123, false), ...
        LOX_LH2 = PropellantMix( ...
                "LOX_LH2", ...
                "$\mathrm{LOX/LH_{2}}$", ...
                6.03, 1, 366, 1.86, 0.099, 2.4, 2.15, 20.64, 4.2, 78, 84, 1140, 71, 12.16, 9.09, 1.123, 2.88, false), ...
        LOX_RP1 = PropellantMix( ...
                "LOX_RP1", ...
                "$\mathrm{LOX/RP_{1}}$", ...
                2.72, 1, 311, 1.92, 0.061, 3.7, 0.92, 25.8, 6.77, 37, 14.5, 1140, 820, 12.16, 12.16, 1.123, 1e-12, false), ...
        Solid = PropellantMix( ...
                "Solid", ...
                "$\mathrm{Solid}$", ...
                0, 1, 269, 4.5, 2.94, 6.6, 2.34, 10.5, 5, 16, 56, 1e-12, 1680, 1e-12, 12.16, 1e-12, 1e-12, true), ...
        Storables = PropellantMix( ...
                "Storables", ...
                "$\mathrm{Storables}$", ...
                2.67, 1, 285, 1.75, 0.067, 1.5, 1.13, 15.7, 14.7, 26.2, 81.3, 1442, 791, 12.16, 12.16, 1e-12, 1e-12, false) ...
        );
